FECHA	BCOLO CB Equity	ELCONDOR CB Equity	CONCONC CB Equity	PFBCOLO CB Equity	GRUPOSUR CB Equity	PFGRUPSU CB Equity	ISA CB Equity	EXITO CB Equity	NUTRESA CB Equity	GRUPOARG CB Equity	CEMARGOS CB Equity	PFGRUPOA CB Equity	PFCEMARG CB Equity	ETB CB Equity	PFAVH CB Equity	CELSIA CB Equity	BVC CB Equity	ECOPETL CB Equity	BOGOTA CB Equity	GEB CB Equity	PFDAVVND CB Equity	CORFICOL CB Equity	PFAVAL CB Equity	PFCORCOL CB Equity	PFCARPAK CB Equity	MINEROS CB Equity	CNEC CB Equity	FABRI CB Equity	AVAL CB Equity	ENKA CB Equity	VALSIME CB Equity	CLH CB Equity
3/05/2021	27400	930	373	27500	18040	16300	20500	11700	20600	9930	5010	8050	3790	210	128.8	4150	11690	2219	77900	2510	28500	31650	1065	26840	5326.13	4150	10650	4.5	1160	14.9	4761.11	3830
4/05/2021	27100	940	350	27500	18220	16700	20400	11480	21100	10020	5110	8200	3790	210	132	4197	11550	2225	77010	2509	28190	31800	1030	26430	5326.13	4144	10690	4.15	1160	14.95	4761.11	3830
5/05/2021	27660	940	379	28000	19100	16900	20900	11420	21300	10190	5260	8200	3825	210	134	4212	11500	2288	76110	2523	28780	32660	1056	26430	5326.13	4140	10690	4.15	1160	14.72	4761.11	3830
6/05/2021	28520	890	379	28680	19900	17200	21160	11060	21740	10600	5350	8700	3869	210	134	4394	11500	2291	76000	2604	30190	32800	1079	27140	5326.13	4249	10900	4.39	1160	14.65	4761.11	3890
7/05/2021	28940	890	390	28930	20700	17850	21240	12580	22500	11300	5500	9095	3969	212	128	4360	11520	2288	75000	2583	30780	32970	1090	26980	5326.13	4269	10600	4.24	1160	14.97	4761.11	3760
10/05/2021	29520	950	388	29870	21000	18320	22340	13100	22830	11800	5500	9200	4000	218	128	4410	11500	2357	75000	2590	31780	33080	1120	27000	5326.13	4324	10580	4.24	1160	14.97	4761.11	3820
11/05/2021	28940	951	388	28830	21100	18300	22000	12580	22680	11400	5420	9185	3998	211.9	128	4489	11500	2315	74500	2592	31150	31450	1109	25500	5326.13	4249	10540	4.24	1160	14.97	4761.11	3820
12/05/2021	28660	980	409.9	28620	20410	18020	21710	12490	22400	11160	5455	9030	4070	211.9	128	4350	11500	2370	74980	2607	30830	31090	1100	25100	5326.13	4300	10580	4.24	1160	14.97	4761.11	3805
13/05/2021	27910	985	410	28100	19600	17840	20630	12520	22260	11050	5345	9030	3950	215	128	4404	11500	2301	74650	2610	30800	31000	1102	25070	5326.13	4275	10400	4.24	1160	15.01	4761.11	3805
14/05/2021	28960	1000	414.9	29300	19780	18000	21500	12300	22700	11280	5405	8920	3922	214.9	128	4400	11700	2387	74500	2640	31200	30700	1115	25600	5326.13	4315	10130	4.24	1110	16.11	4761.11	3860
17/05/2021	28960	1000	414.9	29300	19780	18000	21500	12300	22700	11280	5405	8920	3922	214.9	128	4400	11700	2387	74500	2640	31200	30700	1115	25600	5326.13	4315	10130	4.24	1110	16.11	4761.11	3860
18/05/2021	28400	1000	395	28400	19610	17700	20820	12300	22400	11000	5390	8920	3922	214.9	128	4370	11750	2355	74300	2620	30100	30600	1100	25600	5326.13	4280	9940	4.93	1110	15.71	4761.11	3750
19/05/2021	28250	1000	394.5	28280	19500	17820	21100	11860	22260	10700	5350	8980	3984	214.9	128	4450	11720	2347	73660	2623	29980	30270	1089	25500	5326.13	4280	10160	4.8	1030	15.71	4761.11	3765
20/05/2021	27880	1000	380	28120	19980	17700	21000	11850	22400	10980	5330	8600	3852	209.9	128	4360	11600	2314	72500	2520	29990	29500	1090	25500	5326.13	4280	9990	4.8	1030	15.71	4761.11	3760
21/05/2021	27710	1000	380	27700	19830	17730	20990	11850	21780	10780	5215	8620	3834	209.9	128	4363	11690	2285	70400	2504	30090	29460	1105	25500	5326.13	4200	10100	5.09	1035	15.6	4761.11	3750
24/05/2021	27400	1000	380	27600	19100	17340	20660	11790	21400	10380	5095	8620	3742	202	136	4230	11650	2294	68500	2470	29770	29100	1088	24600	5326.13	4200	10160	5.09	1080	15.27	4761.11	3700
25/05/2021	27490	1000	385	27300	19010	17040	20200	11500	20900	9915	5040	8280	3660	200	136	4180	11650	2235	68480	2341	29630	28100	1080	24600	5326.13	4200	10100	5.09	1080	15.02	4626.32	3700
26/05/2021	27200	1000	385	27390	18700	16900	19600	11490	20880	9910	5090	8000	3659	200	136	4070	11630	2220	67000	2340	28600	27980	1051	24590	5326.13	4146	10140	5.09	1072	15.12	4626.32	3800
27/05/2021	27500	1000	370	28200	19150	16880	20500	11680	20500	9000	5000	7200	3294	208	150	3765	11500	2220	67500	2165	28100	28210	1053	24000	5326.13	3836	10280	5.09	1022	15.24	4626.32	3800
28/05/2021	27300	1000	375	27940	20350	17450	20650	12000	21020	10270	5080	7990	3560	208	150	4176	11490	2211	69760	2300	28900	28580	1066	23060	5326.13	3966	10060	5.09	1050	15.34	4626.32	3700
31/05/2021	27000	1000	380	27600	20020	17600	20020	12000	21600	10100	5070	8000	3691	208	150	4176	11400	2190	70000	2329	29000	28230	1078	23060	5326.13	4086	10270	5.09	1040	15.32	4626.32	3700
1/06/2021	27710	1000	390	28190	20300	18000	20510	12000	21960	10220	5100	8160	3691	210.9	150	4245	11500	2276	71340	2350	29700	28280	1075	23000	5326.13	4084	10060	5.09	1070	15.32	4626.32	3790
2/06/2021	27800	1000	390	28160	20300	17810	22670	11980	21600	10250	5280	8200	3757	213	150	4190	11420	2340	71860	2486	29370	28230	1095	22710	5326.13	4000	10190	5.09	1079	15.32	4626.32	3790
3/06/2021	28340	1000	400	28810	20180	17840	22700	12160	21800	10340	5260	8200	3700	213	150	4197	11420	2360	71400	2495	29990	28560	1109	22710	5326.13	4000	10200	5.09	1079	15.32	4626.32	3790
4/06/2021	27800	1000	400	28200	20050	17490	22700	12050	21690	10220	5185	8100	3700	213	170	4250	11410	2355	71190	2421	30390	28560	1090	22710	5326.13	4020	10100	5.09	1061	15.11	4626.32	3790
7/06/2021	27800	1000	400	28200	20050	17490	22700	12050	21690	10220	5185	8100	3700	213	170	4250	11410	2355	71190	2421	30390	28560	1090	22710	5326.13	4020	10100	5.09	1061	15.11	4626.32	3790
8/06/2021	28190	991	399	28300	20180	17640	23290	12050	22400	10320	5250	8160	3662	213	251.5	4299	11580	2396	71880	2433	30390	28500	1079	22980	5326.13	4025	10220	5.09	1061	15.11	4626.32	3790
9/06/2021	28340	988	400	28260	19880	17860	23360	11950	21820	10200	5210	8375	3658	212.8	295	4300	11440	2370	72000	2413	30800	29000	1066	23100	5326.13	4139	10220	4.9	1050	15.11	4626.32	3800
10/06/2021	28100	988	400	28300	19740	17920	23560	11950	22180	10380	5250	8375	3660	203	270.3	4303	11300	2385	72900	2400	31270	29570	1071	23500	5326.13	4154	10340	4.9	1050	15.11	4626.32	3800
11/06/2021	28320	988	412	28550	19740	17880	23300	11790	22400	10290	5155	8520	3660	206	270.3	4302	11400	2391	70520	2380	30800	30200	1083	24100	5326.13	4100	10450	5.07	1050	15.09	4626.32	3800
14/06/2021	28320	988	412	28550	19740	17880	23300	11790	22400	10290	5155	8520	3660	206	270.3	4302	11400	2391	70520	2380	30800	30200	1083	24100	5326.13	4100	10450	5.07	1050	15.09	4626.32	3800
15/06/2021	27700	937.2	412	27950	19300	17520	22960	12000	22490	10200	5170	8510	3688	205	283.07	4351	11320	2439	72000	2346	29630	30200	1090	24000	5326.13	4110	10530	5	1050	14.6	4626.32	3800
16/06/2021	27650	937.2	405	28140	19730	17500	22610	12000	22190	10100	5240	8250	3688	203.1	262.83	4350	11180	2409	71990	2395	29900	29700	1109	24000	5326.13	4085	10210	5	1061	14.6	4626.32	3800
17/06/2021	27500	937.2	405	27760	19790	17740	23000	11910	22600	10190	5230	8395	3601	203.1	260.77	4310	11200	2392	70370	2390	29470	29990	1098	23500	5326.13	3972	10040	5	1060	14.6	4626.32	3800
18/06/2021	27800	937.2	405	27790	20540	18190	23020	11900	22500	10500	5385	8520	3699	200	279.75	4246	11320	2397	70200	2439	28900	30000	1100	23500	5326.13	3980	10060	5	1050	14.6	4626.32	3800
21/06/2021	27490	937.2	405	27660	20000	17830	22400	11900	22460	10310	5270	8350	3844	201	270.85	4153	11390	2460	70980	2382	28450	29370	1087	23500	5326.13	3980	10040	4.51	1095	14.6	4626.32	3800
22/06/2021	27150	937.2	405	27200	19770	17460	22460	11900	22100	10310	5245	8550	3798	201	298.27	4080	11390	2481	70000	2440	28400	29130	1080	23500	5326.13	3990	10060	4.51	1095	14.6	4626.32	3800
23/06/2021	26890	923.8	400	27180	19230	17400	22200	11800	22500	10200	5265	8550	3798	201	297.65	4122	11240	2522	69500	2530	28750	28800	1096	23000	5326.13	4013	10390	4.51	1095	14.6	4626.32	3800
24/06/2021	27400	923.8	400	27800	19760	17700	22540	13000	22440	10560	5460	8570	3870	201	298.02	4210	11340	2750	70000	2499	29600	29580	1099	23300	5326.13	4050	10390	4.51	1100	14.6	4626.32	3700
25/06/2021	27680	923.8	400	27640	19800	17740	22460	14200	22400	10800	5470	8690	3900	209.2	298.09	4210	11320	2770	70490	2532	29470	29930	1119	23200	5326.13	4080	10400	4.51	1100	14.6	4626.32	3700
28/06/2021	27050	923.8	400	27030	19640	17680	22300	13990	22350	10770	5500	8700	3900	208.1	298.09	4200	11300	2718	70000	2542	29100	29630	1100	23200	5326.13	4054	10500	4.35	1100	14.6	4626.32	3700
29/06/2021	26360	940	380	26700	19000	17340	22200	13170	21710	10400	5400	8650	3850	208.1	288.75	4150	11300	2717	69940	2600	28160	29060	1089	23200	5326.13	4029	10340	4.27	1070	14.6	4626.32	3600
30/06/2021	26400	940	350	26820	18500	16520	22150	13600	21880	10000	5350	8020	3740	208.9	288.75	4250	11250	2722	69800	2571	27540	29200	1083	23300	5326.13	4029	10080	4.27	1139	14.6	4626.32	3600
1/07/2021	26080	940	350	26700	18300	16500	22620	13440	21800	10100	5460	8255	3869	208.9	285.37	4166	11300	2819	70500	2579	28010	29300	1095	23990	5326.13	4024	10150	4.27	1139	14.6	4626.32	3600
2/07/2021	27500	940	379.8	28000	18890	17000	23500	13290	22640	10500	5500	8300	3868	207	267.25	4170	11290	2851	70370	2541	28720	29730	1092	23500	5326.13	4024	10240	4.27	1030	14.6	4626.32	3700
5/07/2021	27500	940	379.8	28000	18890	17000	23500	13290	22640	10500	5500	8300	3868	207	267.25	4170	11290	2851	70370	2541	28720	29730	1092	23500	5326.13	4024	10240	4.27	1030	14.6	4626.32	3700
6/07/2021	27010	940	379.8	27400	18710	16810	23000	12700	22310	10590	5440	8495	3841	207	267.25	4190	11140	2789	69000	2507	28220	30000	1086	23940	5326.13	4050	10200	4.27	1030	14.6	4626.32	3500
7/07/2021	27600	940	379.8	28200	19300	17260	23200	12700	22200	10510	5540	8495	3901	207	267.25	4127	11140	2800	71000	2518	28640	29970	1095	23920	5326.13	4028	10240	4.27	1030	14.6	4626.32	3500
8/07/2021	27610	860	395	28310	19180	17110	23370	12500	22110	10500	5550	8435	3815	203	300.08	4179	11060	2753	70980	2514	29350	29980	1091	23000	5326.13	4005	10350	4.38	1030	14.6	4626.32	3500
9/07/2021	28100	900	395	28810	19510	17380	23350	12540	22130	10420	5620	8450	3900	200	300.08	4159	11140	2761	70960	2517	29550	29910	1100	23800	5326.13	4015	10300	4.38	1088	14.6	4626.32	3500
12/07/2021	28180	900	395	28800	19770	17400	23810	12500	21990	10550	5620	8400	3900	200.5	300.08	4202	11200	2750	71000	2519	29850	30450	1115	23990	5326.13	4015	10300	4.38	1090	14.6	4626.32	3500
13/07/2021	28070	900	390	28700	19640	17400	23800	12370	21860	10450	5620	8350	3900	200.5	300	4202	11270	2720	71490	2520	29900	30260	1115	23990	5326.13	3998	10300	4.38	1060	14.1	4626.32	3500
14/07/2021	28100	900	389.7	28610	19640	17300	23530	12320	21920	10520	5580	8310	3900	200.5	300	4200	11200	2650	71290	2515	29900	30060	1097	23990	5326.13	4020	10100	4.38	1060	14.1	4626.32	3500
15/07/2021	28000	920	382	28800	19440	17110	23000	12320	21960	10520	5600	8300	3900	200	296.62	4150	11150	2570	71290	2509	29760	30090	1080	23000	5326.13	4025	10010	4.38	1035	14	4626.32	3500
16/07/2021	27990	920	381	28770	19200	17180	23190	12320	21960	10500	5585	8430	3900	196.1	296.62	4149	11140	2560	71260	2504	29540	29990	1085	23050	5326.13	4019	9850	4.38	1035	14	4626.32	3500
19/07/2021	27200	849.1	370	28000	18560	16800	22300	12270	21680	10300	5535	8440	3890	196.1	296.62	4050	11100	2448	69990	2450	29000	29030	1060	23000	5326.13	3900	9660	4.47	1020	14	4626.32	3500
20/07/2021	27200	849.1	370	28000	18560	16800	22300	12270	21680	10300	5535	8440	3890	196.1	296.62	4050	11100	2448	69990	2450	29000	29030	1060	23000	5326.13	3900	9660	4.47	1020	14	4626.32	3500
21/07/2021	27820	849	370	28310	18510	16700	22350	12170	21400	10400	5535	8100	3811	196.1	289.26	4076	11110	2535	69790	2510	29110	29020	1070	23000	5326.13	3999	9830	4.47	1020	14.13	4626.32	3615
21/07/2027																																
22/07/2021	28100	849	370	28270	18400	16720	22780	12180	20910	10420	5575	8100	3811	199.9	245.17	4078	11060	2550	70480	2480	29500	29670	1031	23000	5326.13	3872	9800	4.47	1020	14.13	4626.32	3600
23/07/2021	28270	849	370	28300	18480	16940	22600	12160	20800	10420	5695	8150	3899	199.9	265.7	4079	11060	2551	70470	2505	29030	29610	1045	22520	5326.13	3848	9900	4.41	1046	14.16	4626.32	3600
26/07/2021	28300	849	380	28300	18380	16900	22400	12540	20980	10450	5695	8025	3880	196	265.7	4097	11100	2597	69990	2490	28810	29480	1060	22600	5326.13	3848	10010	4.41	1031	14.15	4626.32	3600
27/07/2021	28020	849	380	28400	18000	16600	22010	12540	20860	10370	5660	8120	3811	196	249.99	4075	10950	2600	68000	2500	29040	29430	1033	23600	5326.13	3798	10030	4.41	1031	14.15	5708.25	3500
28/07/2021	27800	849	370	28020	17920	16340	22130	12500	20940	10090	5530	8000	3890	194.5	259.63	4050	11000	2611	68650	2500	28800	29420	1035	22570	5326.13	3730	9900	4.41	1030	14.15	5708.25	3500
29/07/2021	27720	849	365	27940	17840	16600	22300	12580	20570	9980	5550	7920	3848	194.9	248.67	4085	10800	2646	69870	2515	28790	29460	1045	22500	5326.13	3705	9890	4.41	1020	14.15	5708.25	3550
30/07/2021	27100	850	364.9	27800	17300	16280	21820	12860	20700	10090	5595	8050	3894	194	256.1	4042	10500	2633	68290	2529	28700	29280	1024	23200	5326.13	3695	9865	4.41	1020	14	5708.25	3650
2/08/2021	27700	850	364.9	27800	17770	16300	21980	12860	20450	9905	5465	8050	3850	194	256.1	4110	10480	2598	68000	2530	28500	28830	1025	23200	5326.13	3704	9820	4.23	1020	14.1	5708.25	3650
3/08/2021	27640	850	359.9	27700	18000	16380	21900	12580	20350	9905	5365	7915	3880	194	256.1	4082	10270	2620	69780	2530	28300	28500	1027	22340	5326.13	3709	9975	4.23	1020	14	5708.25	3681
4/08/2021	28190	850	350	28490	17960	16400	22000	12580	20560	9990	5360	7800	3800	197	253.5	4087	10110	2564	68600	2567	28870	28500	1025	22350	5326.13	3775	9720	4.23	1010	14	5708.25	3681
5/08/2021	27530	850	365	27400	17700	16390	22000	12580	20550	9940	5310	7795	3849	197	262.22	4080	10180	2527	69200	2584	28390	28550	1028	22330	5326.13	3755	9840	4.23	1010	14	5708.25	3681
6/08/2021	27250	880	365	27540	17700	16390	21600	12510	20700	9890	5380	7860	3800	197	256.96	4080	10200	2547	69360	2564	28420	28500	1029	22500	5326.13	3740	9895	4.99	1010	13.7	5708.25	3681
9/08/2021	27520	920	369	27970	17500	16100	21300	12510	20550	9950	5425	7860	3800	197	269.78	4060	10020	2590	68120	2549	28660	28490	1025	22500	5326.13	3740	9870	4.99	1010	14	5708.25	3681
10/08/2021	27800	920	382	28300	17530	16100	21330	12510	20990	10020	5550	7835	3930	197	272.18	4021	10070	2598	68190	2560	28800	28210	1025	22340	5326.13	3740	9895	6	1010	14	5708.25	3800
11/08/2021	27800	920	382	28300	17530	16100	21330	12510	20990	10020	5550	7835	3930	197	272.18	4021	10070	2598	68190	2560	28800	28210	1025	22340	5326.13	3740	9895	6	1010	14	5708.25	3800
12/08/2021	28990	909	371	29300	17700	16370	21800	12600	21250	10350	5625	8055	3950	193.9	280	4139	9770	2622	68200	2550	30000	28300	1035	22890	5300	3739	9500	7	1010	13.85	6100	3800
13/08/2021	29610	909	371	30050	18000	16500	21900	12600	21400	10220	5700	8050	3970	200	280	4100	9435	2586	69990	2568	31000	28280	1031	22890	5300	3739	9480	6.2	1010	14.2	6100	3800
16/08/2021	29610	909	371	30050	18000	16500	21900	12600	21400	10220	5700	8050	3970	200	280	4100	9435	2586	69990	2568	31000	28280	1031	22890	5300	3739	9480	6.2	1010	14.2	6100	3800
17/08/2021	30500	875	371	30800	18800	17300	23040	12600	21950	10650	5845	8280	4050	202.8	280	4198	9960	2580	70980	2625	31500	29000	1085	23380	5300	3715	9320	6.2	1050	15.6	6100	3800
18/08/2021	31380	870	372	31380	19580	17990	23270	12600	22980	11010	5840	8550	4165	196.5	282.9	4201	10410	2568	73290	2689	32690	29490	1100	23600	5326.13	3760	9165	6.2	1050	17.16	6317.13	3750
19/08/2021	31600	870	385	31650	19660	18140	23650	12600	22870	11080	5820	8650	4160	196.5	282.9	4170	10100	2520	72000	2700	32300	30000	1115	23700	5326.13	3840	9150	6.1	1060	17.14	6406.18	3750
20/08/2021	31270	890	385	31360	19500	18000	23450	12550	22900	11100	5820	8600	4120	196.5	240.11	4270	10200	2536	72480	2700	32480	29900	1119	23800	5326.13	3845	9240	6.1	1100	17.14	6406.18	3620
23/08/2021	31480	900	395	31520	19590	18200	23090	12630	22810	11030	5800	8610	4180	199	241.23	4320	10300	2644	72810	2700	33040	28600	1129	22990	5326.13	3850	9420	6.1	1110	17.14	6486.2	3600
24/08/2021	31400	900	393	31460	19450	17980	22590	12630	22650	11000	5790	8540	4160	199.6	219.05	4297	9940	2671	72800	2680	32680	28520	1122	22990	5326.13	3765	9315	6.1	1100	17.14	6486.2	3700
25/08/2021	31330	900	395	31400	19390	18120	22990	12630	22640	10940	5760	8490	4100	203.8	219.51	4370	9965	2676	73250	2664	32200	28750	1130	23000	5326.13	3690	9355	6.1	1100	17.14	6486.2	3700
26/08/2021	30800	900	395	30900	19380	17610	22900	12600	22300	10650	5785	8280	4083	203.5	219.51	4290	9940	2632	73270	2660	31330	28880	1118	23000	5326.13	3696	9380	6.1	1095	17.14	6486.2	3580
27/08/2021	31200	915	400	31300	19390	17800	22800	12490	22230	10890	5840	8275	4189	203.5	219.51	4250	9830	2660	72990	2695	32540	28660	1126	22390	5326.13	3725	9960	6.05	1095	15.7	6486.2	3599
30/08/2021	31330	915	400	31440	19330	17930	22700	12490	21880	10700	5880	8155	4195	203.5	211.47	4300	9720	2649	72000	2680	32480	28770	1119	22330	5326.13	3739	10000	6.05	1096	15.61	6486.2	3604
31/08/2021	31070	918	395	31400	19200	17850	22700	12440	21680	10940	5900	8020	4200	202	211.47	4310	9825	2643	70500	2695	32600	28560	1120	22210	5684.57	3745	9885	6.05	1096	17	6486.2	3610
1/09/2021	31300	904	395	31600	19780	18170	22530	12480	21840	11100	5825	8180	4200	202	163.04	4250	9825	2590	71500	2680	32590	28890	1120	22600	5684.57	3730	9900	6.05	1108	17.25	6486.2	3610
2/09/2021	31200	890	395	31260	20240	18210	22800	12480	21800	11300	5835	8250	4199	202.1	160.36	4338	9840	2670	71050	2700	32540	28860	1140	22800	5684.57	3730	10100	6.05	1108	18.2	6486.2	3580
3/09/2021	31400	871	395	31300	20260	18230	22600	12480	21780	11150	5800	8330	4199	202.1	124.88	4334	9790	2635	70110	2685	32590	28790	1135	22900	5684.57	3765	10100	6.03	1108	20.01	6486.2	3544
6/09/2021	31260	886	372	31370	20190	18270	22710	12480	21780	11180	5805	8330	4199	202.1	112	4247	9790	2634	70110	2700	32240	28840	1126	22500	5684.57	3775	10160	6.03	1108	20	6486.2	3555
7/09/2021	31000	886	370.3	31100	20160	18080	22660	12280	21500	11210	5835	8315	4199	200	78.22	4250	9520	2606	70400	2700	32500	28700	1126	22500	5684.57	3755	10100	6.03	1110	22	6486.2	3400
8/09/2021	31020	860.9	390	31450	20000	18080	22800	12100	21590	11080	5830	8150	4100	199.9	70.81	4226	9650	2593	70510	2700	32470	28680	1120	22750	5684.57	3770	10050	6.05	1100	23	6486.2	3520
9/09/2021	31390	870	380	31470	20000	17990	22850	12300	21680	11100	5815	8150	4153	199.9	99.89	4241	9650	2570	71180	2750	32700	28600	1114	22750	5684.57	3765	10000	6.05	1105	23.9	6486.2	3550
10/09/2021	31290	887	375	31350	20300	18000	22660	12300	21740	11100	5870	8135	4150	200	120	4203	9600	2553	71460	2753	32330	28740	1115	22750	5684.57	3725	9895	6.05	1105	23.9	6486.2	3550
13/09/2021	30800	887	375	30990	19780	17780	22500	12300	21340	10960	5890	8090	4090	200	98.91	4203	9555	2572	71480	2796	32000	28520	1115	22200	5684.57	3670	9990	6.05	1102	23.9	6486.2	3430
14/09/2021	31000	887	370	31070	19920	17700	22330	12300	21650	10690	5885	8080	4140	195	96	4150	9500	2550	72240	2774	31910	28530	1115	22300	5684.57	3690	10000	6.05	1102	23.9	6486.2	3570
15/09/2021	31200	883	365	31070	20270	18020	22710	12220	21550	10700	5900	8170	4140	195	69.97	4172	9455	2620	72000	2800	31920	28500	1114	22600	5684.57	3680	10100	6.05	1102	21.52	6486.2	3570
16/09/2021	31180	883	365	31030	20390	18200	22700	12000	21550	10750	5895	8265	4193	199.9	60	4175	9420	2615	74320	2770	32540	28670	1115	22660	5684.57	3597	10010	6.05	1102	21.52	6486.2	3570
17/09/2021	31300	883	365	31100	20440	18210	22990	11810	21510	10800	5925	8240	4189	199.9	56	4260	9400	2566	73300	2720	31620	29000	1130	22900	5684.57	3630	10030	6.05	1102	23.5	6486.2	3540
20/09/2021	30900	883	365	30960	20040	17900	22650	11850	21180	10700	5875	8100	4100	199.9	55.5	4150	9390	2520	72880	2720	31540	28870	1103	22510	5684.57	3622	9860	6.05	1110	23.9	6486.2	3549
21/09/2021	30570	883	354.1	30500	20290	17820	22400	11790	21450	10690	5775	8100	4100	194	63.82	4155	9300	2529	72880	2744	30700	28850	1089	22500	5684.57	3580	10190	6.05	1110	22.66	6486.2	3549
22/09/2021	30500	883	350	30620	20540	18090	22380	11790	21550	10770	5800	8170	4125	199.6	63.82	4180	9540	2570	73300	2770	30990	28780	1096	22820	5684.57	3600	10530	6.05	1110	22.66	6486.2	3570
23/09/2021	30640	880	345	30900	20120	17900	22200	11790	21450	10700	5790	8175	4071	198.8	58.53	4290	9700	2590	73300	2756	31700	28640	1101	22820	5684.57	3625	10680	6.05	1110	24.02	6486.2	3580
24/09/2021	30880	880	340	31040	20100	17700	22220	11790	21470	10580	5790	8165	4075	197.9	58.53	4190	9700	2550	73300	2760	31660	28500	1103	22620	5684.57	3677	10560	6.05	1110	24.02	6486.2	3500
27/09/2021	32370	880	338	32580	20550	18200	22600	11800	21540	10870	5860	8230	4070	197.8	58.53	4259	9610	2671	73300	2800	32720	28550	1120	22860	5684.57	3700	10700	6.05	1095	24.02	6486.2	3500
28/09/2021	32420	870	338	32550	20950	18270	22800	11800	21580	11100	5895	8300	4100	197.8	58.53	4240	9650	2699	73380	2810	32590	28600	1110	22920	5684.57	3760	10350	6.2	1095	24.2	6486.2	3500
29/09/2021	32680	880	335	33000	21480	18370	22990	11800	21640	11100	5940	8310	4092	197.8	63.11	4226	9750	2706	73000	2820	32810	28790	1117	22950	5684.57	3800	10230	6.2	1090	24.2	6486.2	3441
30/09/2021	32960	880	332	33000	21400	18420	22700	11650	21660	11160	5895	8300	4070	200	63.11	4229	9700	2734	72220	2816	33400	28800	1119	22910	5865.41	3770	10230	6.2	1090	23.55	6486.2	3500
1/10/2021	33000	887	344	33090	21700	18550	22790	11650	21620	11340	5930	8355	4120	200	60.16	4231	9700	2769	72970	2832	33400	29000	1124	23100	5865.41	3839	10430	6.27	1110	23	5855.25	3500
4/10/2021	33280	880	352	33200	21800	18650	23000	11500	21720	11490	5990	8460	4120	195	60.11	4257	9700	2825	72700	2856	33200	29000	1126	23510	5865.41	3940	10990	6.27	1110	22.9	5855.25	3500
5/10/2021	33100	892	365	33400	22320	18900	22710	11500	21710	11400	6045	8450	4150	195	60.11	4295	9780	2810	72100	2860	33230	29320	1130	23640	5865.41	3910	11500	6.26	1121	22.3	5855.25	3500
6/10/2021	33000	910	358.2	32840	22180	18800	22870	11500	21800	11400	6100	8450	4150	198.9	52.16	4270	9730	2810	73490	2882	33280	29200	1127	23640	5865.41	3900	11750	6.25	1100	21.5	5855.25	3598
7/10/2021	33480	932.9	371	33390	22070	19020	22620	11910	21890	11500	6250	8495	4265	198.9	52.16	4325	9880	2860	74300	2860	33570	29310	1138	24000	5865.41	3850	12040	6.25	1120	21.5	5855.25	3689
8/10/2021	33400	900	366	33390	22020	18950	22650	11930	22080	11660	6325	8740	4390	198.9	51.19	4338	9880	2908	73800	2885	33580	29400	1140	24000	5865.41	3870	12160	6.27	1123	21.51	5855.25	3685
11/10/2021	33330	917.9	365.2	33300	21970	18910	22820	11980	22070	11900	6380	8805	4385	198	51.19	4410	9900	2944	73700	2890	33770	29590	1136	24000	5865.41	3830	12240	6.27	1123	21.51	5855.25	3700
12/10/2021	32520	917.9	373	32600	21500	18560	22500	11940	21810	11750	6250	8635	4373	197.9	51.19	4380	9895	2904	73330	2899	33030	29410	1130	23900	5865.41	3816	12000	6.27	1123	21.51	5510.18	3835
13/10/2021	33180	900	330	33150	21580	18550	22430	11940	21920	11790	6370	8600	4340	194	51.19	4370	9890	2909	73330	2896	33500	29500	1132	23900	5865.41	3805	11950	6.27	1123	21.51	5510.18	3890
14/10/2021	34380	900	272	34200	22120	18800	22790	11800	22290	12070	6325	8600	4440	200	51.19	4380	10000	2918	73000	2927	34550	29590	1138	22600	5865.41	3811	12200	6.27	1129	22.45	5510.18	3886
15/10/2021	34560	899	295.7	34600	22650	19050	22750	11740	22300	12090	6400	8790	4465	199.8	51.19	4300	9815	2960	73990	2921	34500	29600	1155	22600	5865.41	3820	12040	6.27	1139	22.5	5510.18	3900
19/10/2021	34130	900	310	34200	22250	19020	22500	11780	22280	12070	6300	8770	4441	195.2	51.19	4300	10000	2953	74270	2929	34210	29560	1140	23550	5865.41	3850	11850	6.27	1132	22.5	5510.18	3617
20/10/2021	34230	901.5	306	34140	22500	18890	22690	11700	21980	11880	6250	8680	4344	198	67.94	4330	10000	2937	73790	2917	34030	29560	1145	23540	5865.41	3885	11920	6.27	1124	22.5	5510.18	3550
21/10/2021	34040	901.5	312	34120	22470	19020	22520	11590	22150	11850	6180	8680	4400	199.7	67.94	4329	10070	2910	73790	2905	34460	29490	1140	23540	5865.41	3885	11900	6.27	1124	22.5	5510.18	3560
22/10/2021	33460	901.5	305	33600	22280	18800	22500	11590	21900	11800	6200	8630	4400	198.9	84.02	4312	9930	2890	73490	2901	33880	29430	1140	23500	5865.41	3954	11890	6.27	1130	22.5	5510.18	3580
25/10/2021	34200	903.9	305	33840	22400	18800	22700	11510	21950	11920	6250	8680	4350	197.9	79.64	4274	9960	2890	73700	2788	33960	29320	1139	23420	5865.41	3964	11940	6.27	1130	24	5510.18	3580
26/10/2021	34500	903.9	300	34400	22250	18840	22800	11500	22100	12060	6280	8775	4399	197.9	74.01	4290	10050	2930	74010	2769	34350	29800	1155	23500	5865.41	4010	11940	6.39	1140	24.75	5510.18	3590
27/10/2021	34450	895	300	34310	22370	18720	22750	11500	21990	11750	6270	8750	4380	201.8	51.09	4299	10000	2867	74010	2740	34400	29650	1146	23750	5865.41	3995	11820	6.4	1135	24.75	5510.18	3581
28/10/2021	34490	895	300	34100	22150	18910	22730	11500	22200	11790	6320	8700	4400	201.8	51.09	4289	10050	2890	75990	2769	34550	29670	1154	23850	5865.41	4030	11860	6.46	1140	24.75	5510.18	3545
29/10/2021	33680	895	298.1	33800	21950	18890	22610	11700	22010	11800	6350	8600	4397	201	42.51	4284	9810	2847	75900	2720	33910	29670	1150	23700	6003.61	4025	11720	6.73	1136	24.75	5510.18	3500
2/11/2021	34000	898.9	300	34050	21790	18610	22730	11770	22000	11570	6310	8500	4320	201	42.51	4230	9820	2854	75000	2682	33800	29500	1140	23510	6003.61	4001	11430	6.81	1132	25.47	5510.18	3500
3/11/2021	34000	899	300	34390	22550	18900	22830	11500	22250	11600	6360	8505	4365	201	42.51	4280	9840	2890	74300	2740	33970	29990	1144	23300	6003.61	4000	11260	7.49	1132	25.47	5510.18	3500
4/11/2021	33400	899	285.1	33650	22210	18900	22800	11500	22180	11770	6415	8570	4388	201	42.51	4280	9820	2871	73510	2657	33980	29700	1138	23600	6003.61	4000	11500	8.19	1138	25.47	5510.18	3470
5/11/2021	33460	899	285.1	33400	22300	18810	22730	11500	22100	11800	6400	8570	4385	201	42.51	4265	9800	2877	73000	2650	33600	29640	1138	23610	6003.61	3995	11150	8.89	1138	25.4	5510.18	3490
6/11/2021	33460	899	285.1	33400	22300	18810	22730	11500	22100	11800	6400	8570	4385	201	42.51	4265	9800	2877	73000	2650	33600	29640	1138	23610	6003.61	3995	11150	8.89	1138	25.4	5510.18	3490
8/11/2021	33480	887	289	33520	21870	18770	22600	11690	22180	11880	6375	8650	4370	201	42.51	4300	9700	2923	73080	2696	33990	29600	1145	23800	6003.61	4060	11000	9	1127	25.4	5510.18	3470
9/11/2021	32880	887	289	33200	21400	18500	22600	11500	21900	11800	6280	8600	4330	201	42.51	4300	9870	2937	74460	2689	33550	29500	1128	23500	6003.61	3942	10800	8.91	1120	25.4	5510.18	3400
10/11/2021	32210	887	280	32700	21200	18300	22480	11540	21740	11580	6170	8355	4220	201	42.51	4255	9655	2880	74400	2663	33290	29380	1116	23110	6003.61	3928	10640	8.6	1115	23.5	5510.18	3380
11/11/2021	32200	889.7	280	32200	21600	18610	22550	11500	21740	11800	6255	8680	4300	199	42.51	4245	9650	2864	73000	2668	33000	29300	1119	23810	6003.61	3920	10370	8.39	1110	24.5	5510.18	3420
12/11/2021	32160	864	276.1	32100	21550	18440	22210	11600	21740	11600	6235	8640	4200	197.9	42.51	4250	9650	2840	73080	2661	32050	28900	1107	23800	6003.61	3741	10540	8.13	1110	24.5	5510.18	3420
15/11/2021	31100	860	270	31250	21550	18500	22050	11500	21740	11600	6180	8470	4130	197.9	42.51	4240	9650	2760	73500	2583	31400	28840	1075	23700	6003.61	3820	10560	8.1	1081	24.5	5510.18	3380
16/11/2021	31100	860	270	31250	21550	18500	22050	11500	21740	11600	6180	8470	4130	197.9	42.51	4240	9650	2760	73500	2583	31400	28840	1075	23700	6003.61	3820	10560	8.1	1081	24.5	5510.18	3380
17/11/2021	30600	860	260	30970	20950	18340	22500	11540	21740	11380	6100	8305	4200	197.9	42.51	4228	9410	2770	72500	2580	30900	29200	1110	23160	6003.61	3780	10700	7.71	1057	22.05	5510.18	3285
18/11/2021	30900	860	264	30900	21360	18400	22500	11500	21740	11500	6275	8440	4209	197.9	42.51	4259	9400	2759	72800	2710	30860	28900	1082	23120	6003.61	3780	10530	7.68	1057	22.05	5510.18	3280
19/11/2021	30000	860	264	30100	21440	18300	21900	11440	21740	11020	6100	8345	4120	197.9	42.51	4120	9300	2645	72010	2520	29700	28500	1051	23500	6003.61	3580	10140	7.57	1057	21.5	5510.18	3120
22/11/2021	30290	860	253	30200	21560	18400	21540	11500	26780	11190	6095	8300	4120	197.9	42.51	4100	9160	2620	72000	2501	30300	28900	1031	23300	6003.61	3570	10110	7.54	1057	21.5	5510.18	3080
23/11/2021	30300	860	250	30250	21600	18350	21500	11500	27000	11200	6150	8345	4189	194.1	42.5	4099	9000	2660	71100	2496	30990	28500	1030	23110	6003.61	3661	10080	7.48	1036	22.2	5510.18	3080
24/11/2021	30500	860	250	30600	22100	18600	21300	11490	27940	11700	6120	8510	4229	196	42.51	4110	9170	2684	71000	2555	30500	28500	1040	23120	6003.61	3720	10100	7.54	1036	22.2	5510.18	2920
25/11/2021	30550	860	260	30670	22600	19050	21300	11490	28240	12100	6140	8625	4219	192.1	42.51	4220	9555	2670	71990	2589	30800	28300	1046	23120	6003.61	3799	10250	7.69	1036	22.2	5510.18	2900
26/11/2021	30050	790	240	30300	23700	19400	20100	11410	28250	11900	6020	8620	4200	192.5	42.51	4150	9500	2536	71010	2620	30300	28300	1044	22550	6003.61	3699	9890	7.69	1019	22.2	5510.18	2800
29/11/2021	30400	800	250	30750	24400	19940	21000	11450	29400	12400	6010	8835	4200	195	42.51	4145	9500	2595	71010	2700	30300	28590	1055	23080	6003.61	3780	10290	7.53	1019	22.2	5510.18	2850
30/11/2021	32370	720	225	32400	25150	19920	22300	11420	29050	12600	6010	8815	4230	194.8	42.51	4051	9600	2600	70500	2634	31000	28780	1050	23520	5916.62	3690	9820	7.53	1120	22.2	5510.18	2565
1/12/2021	34500	770	225	34100	25150	24000	22180	11500	28700	15100	6290	9790	4200	192	42.51	4330	10000	2600	70000	2652	32400	28550	1050	23510	5916.62	3670	9780	7.7	1055	22.2	5510.18	2620
2/12/2021	35880	800	219.6	35000	25150	23780	22150	11400	28580	15720	6165	10280	4209	192	42.51	4362	10080	2659	70980	2700	32860	28600	1075	23500	5916.62	3651	9840	7.7	1044	22.2	5510.18	2600
3/12/2021	35000	806.8	220	34550	25150	23320	22000	11400	28500	15420	6370	10270	4167	190.1	42.51	4364	10080	2661	71020	2670	33000	28860	1077	23960	5916.62	3654	9705	7.7	1074	21	5510.18	2620
6/12/2021	34510	818	258	34000	25150	23260	22300	11390	28810	15200	6370	10000	4388	191	42.51	4315	9960	2688	70500	2666	32900	28790	1097	23460	5916.62	3650	9890	7.7	1051	21	5510.18	2601
7/12/2021	32300	795	301.6	32960	25150	23450	22140	11400	28550	14000	6345	10190	4400	192	42.51	4275	10000	2720	70020	2640	33090	28650	1076	23760	5916.62	3665	10220	7.7	1051	20	5510.18	2792
8/12/2021	32300	795	301.6	32960	25150	23450	22140	11400	28550	14000	6345	10190	4400	192	42.51	4275	10000	2720	70020	2640	33090	28650	1076	23760	5916.62	3665	10220	7.7	1051	20	5510.18	2792
9/12/2021	32600	790	300	32500	25150	23690	21820	11400	28050	13500	6400	10040	4399	191	42.51	4300	9900	2710	69330	2621	32740	28500	1061	23500	5916.62	3656	9920	7.7	1051	20	5510.18	2855
10/12/2021	32220	790	300	32200	25150	23490	21620	11400	27530	13900	6395	9820	4285	186.1	42.51	4275	9900	2707	69320	2580	31810	28500	1060	23500	5916.62	3660	9840	7.73	1060	20	5510.18	2855
13/12/2021	30900	790	300	30890	25150	23270	20500	11300	27360	13290	6200	9450	4186	186.5	42.51	4289	9820	2631	70130	2593	31000	27800	1047	23100	5916.62	3660	9730	7.96	1045	20	5510.18	2900
14/12/2021	31510	820	309	31040	25150	23230	20610	11490	28400	13350	6155	9350	4245	186.5	42.51	4250	9805	2613	69500	2560	31210	28100	1054	23000	5916.62	3650	9740	8.01	1040	20.2	5510.18	2900
15/12/2021	32590	820	300	31660	25150	23600	21260	11490	28300	13860	6275	9400	4200	185	42.51	4251	9895	2600	70000	2568	31400	28340	1050	23000	5916.62	3650	9860	8.01	1036	20.2	5510.18	2900
16/12/2021	34000	790	297	33100	25150	24200	21750	11350	28490	14270	6350	9875	4310	190	42.51	4328	9990	2643	71990	2595	32350	28650	1080	23480	5916.62	3679	9940	8	1050	20.2	5510.18	2720
17/12/2021	34160	799.9	295	32120	28890	23000	21700	11280	28390	13550	6255	9340	4222	190	42.51	4160	9800	2645	71970	2464	31100	28500	1040	23240	5916.62	3640	9660	7.98	1021	20.2	5510.18	2720
20/12/2021	33700	799.9	298.1	31570	28620	22600	21200	11550	28300	13370	6200	9015	4140	190	42.51	4247	9610	2581	71490	2495	32680	28860	1038	22980	5916.62	3600	9560	7.99	1030	20.2	5510.18	2695
21/12/2021	32500	799.9	295	31220	28720	22100	21520	11550	28090	13620	6265	9345	4150	190	42.51	4160	9355	2597	70010	2520	31480	28970	1054	23150	5916.62	3550	9845	7.99	1030	20.2	5510.18	2662
22/12/2021	33680	780	282.1	31400	28950	21700	22000	11500	28390	13530	6300	9210	4150	190	42.51	4190	9495	2651	71500	2530	32190	28980	1054	23150	5916.62	3575	10020	7.99	1029	20.4	5510.18	2740
23/12/2021	33000	789	282.1	31700	29150	22000	22100	11480	28400	13410	6385	9200	4194	190	42.51	4249	9600	2650	71900	2500	32300	28850	1054	23240	5916.62	3600	9980	7.99	1029	20.42	5510.18	2740
24/12/2021	33380	810	282.1	31900	29410	22300	22190	11340	28400	13640	6315	9200	4199	190	42.51	4249	9740	2647	71900	2511	32470	28650	1067	23240	5916.62	3600	10000	7.99	1029	20.42	5510.18	2740
27/12/2021	32960	810	286	31700	29540	22000	22310	11560	28320	13600	6260	9250	4170	190	42.51	4240	9740	2698	71000	2595	32000	28600	1057	23240	5916.62	3620	10020	7.99	1040	20.42	5510.18	2701
28/12/2021	33290	810	282	32070	29920	22160	22400	11490	28500	13500	6150	9250	4180	190	42.51	4200	9600	2695	70970	2566	32000	28530	1065	23000	5916.62	3620	10020	7.99	1054	20.42	5510.18	2787
29/12/2021	34700	810	290	32200	29920	22180	22500	11490	28200	13500	6160	9250	4150	190	42.51	4257	9600	2700	70330	2595	32000	28410	1059	23390	5916.62	3630	10000	7.99	1054	20.42	5510.18	2870
30/12/2021	34700	810	290	32000	30000	22250	22400	11490	28640	13550	6110	9300	4160	190	42.51	4184	9875	2690	70200	2500	31800	28600	1059	23200	5916.62	3635	10110	7.99	1054	20.42	5510.18	2860
31/12/2021	34700	810	290	32000	30000	22250	22400	11490	28640	13550	6110	9300	4160	190	42.51	4184	9875	2690	70200	2500	31800	28600	1059	23200	5916.62	3635	10110	7.99	1054	20.42	5510.18	2860
3/01/2022	34500	810	295.5	32120	29900	22300	22490	11490	28380	13500	6175	9300	4161	194.8	42.51	4218	9930	2720	70200	2532	32020	28830	1059	23340	5916.62	3660	10040	7.99	1030	20.42	5510.18	2955
4/01/2022	34840	810	300	32280	30200	22250	22600	11500	28350	13500	6240	9330	4185	195.9	42.51	4257	9900	2740	70500	2550	32300	29000	1063	23460	5916.62	3699	10430	7.99	1030	21	5510.18	3150
5/01/2022	34000	849	292.1	31450	28940	21800	22750	11330	28300	13350	6235	9510	4185	195.9	42.51	4270	9950	2660	70500	2521	31700	28980	1060	23490	5916.62	3665	10140	7.99	1050	21	5510.18	3060
6/01/2022	33860	835	282	31080	28690	20900	22620	11200	28500	12880	6050	9560	4050	190	42.51	4170	9680	2615	70310	2435	31000	28200	1036	23200	5916.62	3565	10040	7.99	1030	21	5510.18	3000
7/01/2022	34200	800	285	30940	29120	21200	21700	11200	30020	13650	6200	9690	4065	190	42.51	4150	9990	2651	72400	2480	31060	28870	1044	23200	5916.62	3570	10170	7.99	1030	21	5510.18	2852
11/01/2022	34800	800	290	31600	30420	21460	22400	11200	30100	13850	6310	9990	4090	190	42.51	4150	9920	2761	74000	2508	31500	28600	1044	23000	5916.62	3600	10100	8.08	1060	21	5510.18	2880
12/01/2022	35380	805	291	32650	31000	22800	22800	11450	30000	14400	6310	10780	4333	188	42.51	4220	10100	2790	71400	2580	32130	29080	1059	22900	5916.62	3600	10140	8.08	1100	21	5510.18	2900
13/01/2022	37600	827	294	33480	30220	23870	23100	11300	29020	14950	6290	11360	4351	188	42.51	4270	10000	2798	71410	2527	32310	28830	1083	22860	5916.62	3605	9990	8.16	1090	21	5510.18	3060
14/01/2022	36480	815	294	33200	27250	22700	22860	11300	27000	14220	6170	11000	4550	188	42.51	4153	10000	2801	70780	2475	31900	28630	1055	23000	5916.62	3605	10070	8.21	1058	21	5510.18	3017
17/01/2022	38310	889	299.9	35000	27250	26430	23950	11600	33600	15600	6450	12080	4790	186	42.51	4430	10370	2910	71610	2608	33300	29500	1115	24390	5916.62	3700	10180	8.65	1110	21	5510.18	3119
18/01/2022	42050	871	307	36000	27250	27430	24990	12020	33600	16510	6740	13200	4965	190	42.51	4790	11000	3010	76800	2699	34000	30090	1142	25000	5916.62	3798	10400	8.91	1156	22.6	5510.18	3220
19/01/2022	42200	846.9	311.8	36180	27250	27350	25100	12000	33600	16200	6750	12910	4970	186.1	42.51	4798	11000	2990	75500	2690	33550	30200	1144	24980	5916.62	3860	10320	8.91	1149	24.85	5510.18	3220
20/01/2022	40300	830	305.7	34900	27250	27000	24900	11600	33600	16350	6580	12500	4825	190	42.51	4695	11000	2906	75500	2607	32500	29760	1130	24800	5916.62	3850	10200	9.12	1130	24.8	5510.18	3190
21/01/2022	40300	830	305.7	34900	27250	27000	24900	11600	33600	16350	6580	12500	4825	190	42.51	4695	11000	2906	75500	2607	32500	29760	1130	24800	5916.62	3850	10200	9.12	1130	24.8	5510.18	3190
24/01/2022	40000	825	303	34450	27250	27000	24200	11800	33600	15790	6445	11950	4672	187	42.51	4469	10780	2824	76100	2605	32300	29950	1105	24750	5916.62	3785	10040	9.08	1078	27.28	5510.18	3200
25/01/2022	39800	825	303	34590	27250	27100	23800	11900	33600	15620	6445	11950	4700	187	42.51	4439	10740	2895	76780	2639	32470	30180	1100	24750	5916.62	3790	10040	9.23	1082	26.2	5510.18	3200
26/01/2022	39000	840	315	34380	27250	27610	23810	11800	33600	15590	6335	11950	4682	187	42.51	4366	10960	2891	75030	2650	32400	30000	1115	24650	5916.62	3775	9910	9.26	1119	27.2	5510.18	3200
27/01/2022	39100	825.1	315	34200	27250	27880	23640	11720	33600	15640	6325	11810	4620	189.9	42.51	4322	11000	2905	75500	2650	32310	29800	1113	24680	5916.62	3790	10000	9.27	1119	27.24	5510.18	3250
28/01/2022	39610	830	350	35200	27250	28110	23600	11930	33600	15900	6360	11840	4600	190	42.51	4360	10890	2886	75500	2650	32690	29700	1110	24260	5916.62	3760	9925	9.5	1119	27.18	5510.18	3220
31/01/2022	39500	816	355	35240	27250	28740	23600	11950	33600	16140	6480	11800	4602	189.9	42.51	4387	10930	2905	76800	2620	33300	29770	1127	24300	6444.77	3750	10360	9.67	1124	27.18	5510.18	3200
1/02/2022	39010	816	346	34670	36420	27400	22920	11800	40680	15510	6270	11500	4551	187	42.51	4305	10930	2882	77600	2590	32540	29420	1104	24000	6444.77	3725	10180	9.81	1145	27.19	5510.18	3170
2/02/2022	39200	816	345	34940	36390	26580	22410	11680	40400	15300	6400	11030	4500	186	42.51	4252	10850	2889	75030	2557	32000	29110	1095	24170	6444.77	3675	10180	9.5	1100	26.21	5510.18	3170
3/02/2022	39000	816	335	34960	35360	25700	22070	11650	40740	14960	6340	10750	4431	186	42.51	4290	10590	2838	75700	2530	31820	29500	1100	23600	6444.77	3727	10130	9.53	1100	26.8	5510.18	3219
4/02/2022	38990	816	335	34710	36770	25300	22550	11690	40860	14430	6300	10540	4340	183.1	42.51	4260	10560	2901	76980	2580	31750	29320	1097	23410	6444.77	3700	10050	9.59	1100	26.2	4493.73	3130
7/02/2022	38900	800	330	35500	37200	25800	22750	11690	40690	14230	6315	10760	4306	183.1	42.51	4320	10650	2934	76030	2580	31990	29400	1092	23500	6444.77	3709	10040	9.99	1100	26.2	4479.92	3130
8/02/2022	38900	800	330	35500	37200	25800	22750	11690	40690	14230	6315	10760	4306	183.1	42.51	4320	10650	2934	76030	2580	31990	29400	1092	23500	6444.77	3709	10040	9.99	1100	26.2	4479.92	3130
8/02/2022																NaN									NaN	NaN	NaN	NaN	NaN	NaN	NaN	
9/02/2022	37970	800	321.1	34670	36800	24800	22150	11690	40750	13910	6255	10630	4250	187.4	42.51	4277	10700	2899	76260	2550	31530	29250	1086	23500	6444.77	3610	10050	10	1100	26.05	4479.92	3340
10/02/2022	36380	800	311	33800	36690	23710	21400	11690	40610	13330	6165	10170	4240	187.4	42.51	4250	10160	2850	76000	2507	31400	28850	1080	22820	6444.77	3540	9820	10	1100	25.8	4479.92	3165
11/02/2022	36700	800	310	33200	36620	23520	22700	11690	40680	13690	6200	10000	4205	187.4	42.51	4272	10200	2972	76000	2526	31730	29000	1078	22850	6444.77	3570	10060	10	1100	27	4479.92	3110
14/02/2022	37500	800	313	33330	35900	22800	22100	11570	40700	13350	6155	9800	4200	188	42.51	4220	10050	2946	75030	2490	31760	28730	1060	22800	6444.77	3500	9895	10	1100	27.13	4479.92	3080
15/02/2022	37990	800	315	33690	36180	22800	22800	11220	40520	13250	6060	9805	4200	180.6	42.51	4206	10270	2918	74970	2488	31890	28420	1071	22600	6444.77	3500	9840	9.99	1080	27.13	4479.92	3080
16/02/2022	38120	800	318.7	34290	36500	22600	23040	11480	40620	13220	6240	9800	4292	184.5	42.51	4200	10300	3017	74500	2485	31530	28110	1093	22620	6444.77	3520	10050	10	1096	26.1	4479.92	3080
17/02/2022	37920	800	321	33960	36470	22700	23280	11400	40570	13550	6355	9950	4286	184	42.51	4236	10390	3015	75800	2474	30930	28470	1084	22600	6444.77	3500	10020	9.92	1100	26.2	4479.92	3100
18/02/2022	37060	800	335	33650	35800	22400	23200	12000	40530	13480	6380	9710	4240	182	42.51	4211	10390	2997	75560	2488	31490	28160	1084	22670	6444.77	3550	10050	9.41	1050	26.2	4479.92	3020
21/02/2022	37290	750	315.2	33580	35800	22800	23450	11970	40610	13130	6350	9710	4250	182	42.51	4189	10080	3009	74970	2482	31390	28230	1081	22670	6444.77	3581	9920	9.52	1083	26.2	4479.92	3050
22/02/2022	36900	750	328	33700	35800	22940	23330	14450	40800	13400	6230	9740	4250	182	42.51	4180	10250	3025	73070	2458	30660	28240	1073	22650	6444.77	3561	9905	9.52	1080	26.2	4479.92	3050
23/02/2022	38570	750	330	34500	36000	23100	23600	14500	40800	13100	6275	9700	4230	182	42.51	4160	10400	3054	74450	2471	31790	28190	1068	22650	6444.77	3615	9850	9.9	1059	26.2	4479.92	3050
24/02/2022	38990	750	325	34180	36280	23000	24000	14480	40790	13320	6150	9500	4151	182	42.51	4140	10200	3056	73500	2430	31980	27700	1069	22690	6444.77	3620	9900	9.2	1059	26.2	4479.92	2935
25/02/2022	39240	775	328	34600	35500	22600	24400	15230	40200	13460	6125	9655	4200	182	42.51	4200	10010	3064	73700	2441	31900	27700	1075	22900	6444.77	3650	9865	9.88	1063	26.2	4479.92	3000
28/02/2022	39040	750.3	327	34800	31950	23050	24300	15100	44220	12900	6070	9690	4199	180	42.51	4180	10000	3263	72190	2450	32000	27700	1060	22810	6406.32	3620	9835	9.88	1065	26.2	4479.92	2900
1/03/2022	39890	750.3	320	35950	31950	23000	23980	15250	44220	13350	6175	9710	4275	182.3	42.51	4166	10000	3239	71900	2455	32000	27800	1060	22800	6406.32	3580	10000	9.88	1052	26.2	4479.92	2900
2/03/2022	39850	750.3	323	36000	31950	22500	23800	15480	44220	13300	6185	9650	4200	182.3	42.51	4152	9950	3176	71890	2440	32090	27500	1065	22800	6406.32	3520	10050	9	1052	26.2	4479.92	2900
3/03/2022	39990	790	317	35880	31950	22700	23770	15170	44220	13300	6145	9610	4170	192	42.51	4150	9710	3204	72950	2478	32200	27400	1081	22800	6406.32	3520	9990	9.7	1090	26.2	4479.92	2950
4/03/2022	40000	790	319	36130	31950	22600	23270	15400	44220	13280	6125	9600	4152	192	42.51	4160	9710	3340	72440	2460	32000	27800	1070	22560	6406.32	3519	10300	9.5	1071	26.2	4479.92	2950
7/03/2022	39600	790	317.5	35370	31950	22620	23100	15400	44220	13300	6085	9400	4060	192	42.51	4225	10000	3400	72950	2470	32000	27690	1060	22900	6406.32	3500	10500	9.2	1071	26.83	4479.92	2910
8/03/2022	39000	790	314	35600	31950	22780	23110	15410	44220	13350	6040	9410	4005	192	42.51	4257	9700	3390	72000	2470	32020	27730	1064	22550	6406.32	3517	10250	9.7	1071	26.5	4479.92	2940
9/03/2022	39080	750	314	36400	31950	22730	23970	17200	44220	13360	5980	9410	4060	191	42.51	4310	9640	3271	72890	2505	31610	27660	1046	22550	6406.32	3495	10030	9.7	1071	26.78	4479.92	2900
10/03/2022	39300	750.1	309	36190	31950	22900	23350	17000	44220	13340	6035	9250	4029	184.5	42.51	4260	9610	3358	71140	2495	31270	27300	1032	22550	6406.32	3474	9920	9	1071	26.7	4479.92	2900
11/03/2022	39180	750	309.1	36200	31950	22560	23450	17350	44220	13350	6100	9350	4070	182	42.51	4300	9625	3400	71300	2520	31280	27600	1044	22640	6406.32	3430	9965	9	1036	25.52	4479.92	2855
14/03/2022	38310	750	305	35700	31950	22610	23000	17500	44220	13180	5995	9300	4050	187.5	42.51	4260	9625	3207	71900	2470	30700	27700	1032	22900	6406.32	3412	9700	9.01	1075	25.52	4479.92	2855
15/03/2022	38200	750	304	35470	31950	22690	23300	17300	44220	13250	6085	9200	4047	187.5	42.51	4388	9900	3200	71490	2515	30820	27890	1030	22880	6406.32	3365	9540	9.01	1075	25.52	4479.92	2800
16/03/2022	38850	734.9	306	35950	31950	22650	23480	17300	44220	13350	6090	9170	4090	181	42.51	4325	9990	3180	70140	2512	31230	28300	1026	22960	6406.32	3365	9600	9.01	1075	25.52	4479.92	2800
17/03/2022	39100	734.9	305	36200	31950	22680	23600	17600	44220	13460	6130	9160	4042	181	42.51	4310	9980	3335	68560	2480	31600	28390	1018	22960	6406.32	3382	9730	9	1000	25.52	4479.92	2800
18/03/2022	39670	734.9	301	36540	31950	21900	23650	17300	44220	13020	5970	9200	4060	182.2	42.51	4360	9730	3270	68200	2510	32800	27990	1006	23000	6406.32	3375	9640	9	1000	25.8	4479.92	2800
21/03/2022	39670	734.9	301	36540	31950	21900	23650	17300	44220	13020	5970	9200	4060	182.2	42.51	4360	9730	3270	68200	2510	32800	27990	1006	23000	6406.32	3375	9640	9	1000	25.8	4479.92	2800
22/03/2022	40200	734.9	301	37440	31950	22360	24000	17300	44220	13050	6035	9200	4100	182.2	42.51	4326	9770	3359	68200	2490	32400	28000	1006	22870	6406.32	3373	9530	9	1000	24.5	4479.92	2800
23/03/2022	41500	734.9	300	39100	31950	22800	23900	17500	44220	13110	6115	9200	4100	182.2	42.51	4395	9770	3530	68200	2490	32700	27900	1006	22800	6406.32	3390	9610	9	1000	24.5	4479.92	2800
24/03/2022	41900	734.9	308.9	39000	31950	23300	23900	17500	44220	13530	6190	9360	4126	182.2	42.51	4378	9800	3535	68200	2481	33080	28200	1006	22930	6406.32	3390	9600	9	1000	25	4479.92	2800
25/03/2022	42240	734.9	310	39410	31950	23090	24500	17220	44220	14290	6280	9440	4100	182	42.51	4395	9770	3590	68200	2455	32990	28000	1006	23250	6406.32	3400	9800	9	1000	25	4479.92	2800
28/03/2022	42300	734.9	310	39410	31950	23140	24340	17000	44220	14170	6230	9400	4100	182	42.51	4400	9780	3500	68200	2476	33200	28190	1006	23120	6406.32	3390	9700	9	1000	25	4479.92	2780
29/03/2022	42360	700	309	39200	31950	23280	24640	17000	44220	14320	6235	9440	4089	182	42.51	4400	9770	3479	68200	2476	33250	28260	1006	23250	6406.32	3410	9740	9	1000	24	4479.92	2710
30/03/2022	41800	720	309	39200	35500	22900	24160	17000	46500	13900	6120	9300	4089	182	42.51	4428	9660	3517	51000	2485	32820	28170	850	22850	6406.32	3410	9650	9	1000	24	4479.92	2710
31/03/2022	43380	700	317.2	40310	35620	22300	24300	16950	45800	13880	6230	9400	4100	181	42.51	4360	9400	3538	49650	2470	32950	28080	851.6	22850	6776.71	3442	9585	9	964.8	24	4479.92	2720
1/04/2022	43610	699	318	40500	36300	22400	24900	16920	46500	13980	6330	9400	4150	184.9	42.51	4403	9400	3530	50200	2464	33380	27970	854.4	23000	6776.71	3442	9535	9	964.8	24	4479.92	2700
4/04/2022	43400	699	320	39390	35880	22100	24680	16890	46600	14320	6300	9440	4080	184.9	42.51	4400	9620	3534	50790	2480	33390	28250	854.8	23000	6776.71	3420	9380	8.31	964.8	24	4479.92	2560
5/04/2022	43800	718.4	319.9	40080	35990	22100	24680	16530	47180	14440	6350	9400	4080	184.9	42.51	4400	9600	3607	51100	2490	33900	28100	855	23480	6776.71	3423	9380	8.4	964.8	23.62	4629.77	2725
6/04/2022	43380	718.4	322.1	40090	36060	21790	24600	16530	46800	14560	6400	9430	4064	184.6	42.51	4381	9645	3543	53000	2480	33910	28010	850	23010	6776.71	3351	9360	8.4	868.4	23.62	4629.77	2651
7/04/2022	43800	718.4	318	40200	36020	21650	24000	16740	45860	14500	6450	9290	4073	184.6	42.51	4366	9400	3610	53000	2505	34000	28150	850	22940	6776.71	3410	9420	8.4	849	23.62	4629.77	2651
8/04/2022	42550	720	320	40300	35800	21540	24290	16700	45800	14700	6600	9370	4020	184.6	42.51	4380	9355	3570	53000	2485	34800	28290	852	22850	6776.71	3395	9420	8.4	855	23.62	3455.57	2651
11/04/2022	43800	720	320	40490	36100	21600	24900	16370	46230	14540	6430	9330	4050	184.6	42.51	4380	9565	3527	53600	2475	34600	28100	840	22910	6776.71	3370	9310	8.48	847	24.65	3455.57	2750
12/04/2022	42790	705	318.1	40350	36000	21740	24900	16500	45800	14240	6490	9180	4059	182.9	42.51	4366	9265	3580	54800	2465	34480	28080	827	22800	6776.71	3345	9310	8.48	840.2	25	3455.57	2799
13/04/2022	43700	705	314	40680	35830	21740	24900	16500	46190	14500	6450	9180	4048	182.9	42.51	4365	9350	3346	52100	2480	34480	28140	822	22800	6776.71	3340	9300	8.48	840.2	24.9	3455.57	2800
14/04/2022	43700	705	314	40680	35830	21740	24900	16500	46190	14500	6450	9180	4048	182.9	42.51	4365	9350	3346	52100	2480	34480	28140	822	22800	6776.71	3340	9300	8.48	840.2	24.9	3455.57	2800
15/04/2022	43700	705	314	40680	35830	21740	24900	16500	46190	14500	6450	9180	4048	182.9	42.51	4365	9350	3346	52100	2480	34480	28140	822	22800	6776.71	3340	9300	8.48	840.2	24.9	3455.57	2800
15/04/2022	0	0	0	0	0	0	0	0	0	0	0	0	0	0	0	0	0	0	0	0	0	0	0	0	0	0	0	0	0	0	0	0
18/04/2022	43250	705	318	40490	36390	21720	24400	16500	46090	14380	6320	9200	4013	180	42.51	4271	9515	3333	52390	2470	34050	27810	811	22840	6776.71	3369	9300	8.48	840.2	24.9	3455.57	2800
19/04/2022	43000	705	314	40110	36400	21800	24650	16510	46060	14420	6265	9100	4000	180	42.51	4300	9480	3349	52300	2510	33400	28110	810	23000	6776.71	3350	9280	8.48	805	24.9	3455.57	2800
20/04/2022	44500	705	312	40980	36680	22080	24750	16600	46060	14450	6300	9160	3989	180	42.51	4270	9595	3399	52500	2560	33200	28200	814	23220	6776.71	3355	9420	9	805	24	3455.57	2800
21/04/2022	43000	705	312	40470	36800	21850	24490	16540	46900	14350	6230	9165	4011	180	42.51	4261	9595	3314	52100	2556	33100	28250	820	23490	6776.71	3340	9240	9	820.9	24	3455.57	2800
22/04/2022	43300	705	312	39600	36810	21800	23870	16700	47340	14350	6200	9085	4012	180	42.51	4270	9635	3355	51880	2607	33300	28800	825	23490	6776.71	3364	9320	9.3	820.9	23	3455.57	2803
25/04/2022	41000	705	310	38500	35500	21600	22320	16500	48150	14350	6100	9100	4000	180	42.51	4290	9300	3280	50500	2580	32500	28970	824.1	23700	6776.71	3325	9160	8.6	838.5	23	3455.57	2814
26/04/2022	40900	705	306.1	38600	37500	21240	22450	16500	48100	14300	6010	9005	3931	177	42.51	4300	9450	3246	51500	2542	33200	29000	836	23870	6776.71	3250	9040	8.6	832	23	3455.57	2694
27/04/2022	41900	705	302	39250	38700	21240	22450	16300	48480	14300	6025	9000	3830	177	42.51	4290	9360	3280	50110	2495	33200	28910	845	23900	6776.71	3235	9020	8.6	829	24	3455.57	2695
28/04/2022	42000	705	305.9	39120	41000	21800	22000	16300	48500	14460	6005	9080	3880	177	42.51	4352	9415	3320	50470	2490	33680	29140	850	23800	6776.71	3215	9020	8.6	840	24	3455.57	2830
29/04/2022	38820	705	310	38400	40100	21910	21760	16250	48500	14400	6005	9060	3930	177	42.51	4270	9545	3206	50470	2520	33200	29000	850	23860	6551.87	3245	8880	8.65	843	24	3455.57	2750
2/05/2022	41150	705	306	38400	41000	21790	22400	16400	49950	14390	6155	9000	3936	175	42.51	4200	9490	3252	50400	2516	34000	29170	830	24000	6551.87	3120	8700	8.8	831	24	3455.57	2750
3/05/2022	41150	705	306	38400	41000	21790	22400	16400	49950	14390	6155	9000	3936	175	42.51	4200	9490	3252	50400	2516	34000	29170	830	24000	6551.87	3120	8700	8.8	831	24	3455.57	2750
